350.262 0.476982
350.437 0.47954
350.612 0.47954
350.787 0.482097
350.962 0.484655
351.137 0.484655
351.312 0.487212
351.487 0.487212
351.662 0.48977
351.837 0.492327
352.012 0.494885
352.187 0.494885
352.362 0.497442
352.536 0.5
352.711 0.5
352.886 0.502558
353.061 0.502558
353.236 0.505115
353.411 0.507673
353.586 0.507673
353.761 0.51023
353.936 0.51023
354.111 0.512788
354.286 0.515345
354.461 0.517903
354.636 0.517903
354.81 0.52046
354.985 0.523018
355.16 0.523018
355.335 0.523018
355.51 0.525575
355.685 0.528133
355.86 0.528133
356.035 0.530691
356.21 0.533248
356.385 0.535806
356.56 0.535806
356.735 0.538363
356.91 0.538363
357.085 0.538363
357.259 0.540921
357.434 0.543478
357.609 0.543478
357.784 0.546036
357.959 0.546036
358.134 0.548593
358.309 0.551151
358.484 0.553708
358.659 0.553708
358.834 0.569054
359.009 0.566496
359.184 0.561381
359.359 0.563939
359.534 0.563939
359.708 0.566496
359.883 0.566496
360.058 0.569054
360.233 0.569054
360.408 0.571611
360.583 0.574169
360.758 0.574169
360.933 0.576726
361.108 0.576726
361.283 0.579284
361.458 0.581841
361.633 0.581841
361.808 0.584399
361.983 0.584399
362.157 0.586957
362.332 0.589514
362.507 0.589514
362.682 0.592072
362.857 0.592072
363.032 0.594629
363.207 0.597187
363.382 0.597187
363.557 0.599744
363.732 0.599744
363.907 0.602302
364.082 0.604859
364.257 0.604859
364.431 0.607417
364.606 0.607417
364.781 0.609974
364.956 0.609974
365.131 0.612532
365.306 0.61509
365.481 0.61509
365.656 0.617647
365.831 0.617647
366.006 0.620205
366.181 0.622762
366.356 0.622762
366.531 0.62532
366.706 0.62532
366.88 0.627877
367.055 0.627877
367.23 0.630435
367.405 0.630435
367.58 0.632992
367.755 0.63555
367.93 0.63555
368.105 0.638107
368.28 0.638107
368.455 0.640665
368.63 0.640665
368.805 0.643223
368.98 0.643223
369.155 0.64578
369.329 0.648338
369.504 0.648338
369.679 0.648338
369.854 0.650895
370.029 0.653453
370.204 0.653453
370.379 0.65601
370.554 0.65601
370.729 0.658568
370.904 0.658568
371.079 0.661125
371.254 0.661125
371.429 0.663683
371.603 0.663683
371.778 0.66624
371.953 0.66624
372.128 0.668798
372.303 0.668798
372.478 0.671355
372.653 0.671355
372.828 0.673913
373.003 0.673913
373.178 0.676471
373.353 0.676471
373.528 0.679028
373.703 0.679028
373.878 0.681586
374.052 0.681586
374.227 0.684143
374.402 0.686701
374.577 0.686701
374.752 0.689258
374.927 0.689258
375.102 0.689258
375.277 0.691816
375.452 0.691816
375.627 0.694373
375.802 0.694373
375.977 0.696931
376.152 0.696931
376.327 0.699488
376.501 0.699488
376.676 0.702046
376.851 0.702046
377.026 0.704604
377.201 0.704604
377.376 0.707161
377.551 0.707161
377.726 0.709719
377.901 0.709719
378.076 0.712276
378.251 0.712276
378.426 0.712276
378.601 0.714834
378.776 0.717391
378.95 0.717391
379.125 0.719949
379.3 0.719949
379.475 0.719949
379.65 0.722506
379.825 0.722506
380 0.725064
380.175 0.725064
380.35 0.727621
380.525 0.727621
380.7 0.727621
380.875 0.730179
381.05 0.730179
381.224 0.732737
381.399 0.732737
381.574 0.735294
381.749 0.735294
381.924 0.737852
382.099 0.737852
382.274 0.737852
382.449 0.740409
382.624 0.740409
382.799 0.742967
382.974 0.742967
383.149 0.742967
383.324 0.745524
383.499 0.745524
383.673 0.745524
383.848 0.748082
384.023 0.748082
384.198 0.750639
384.373 0.750639
384.548 0.753197
384.723 0.753197
384.898 0.753197
385.073 0.755754
385.248 0.755754
385.423 0.755754
385.598 0.758312
385.773 0.758312
385.948 0.758312
386.122 0.76087
386.297 0.76087
386.472 0.763427
386.647 0.763427
386.822 0.763427
386.997 0.765985
387.172 0.765985
387.347 0.765985
387.522 0.768542
387.697 0.768542
387.872 0.768542
388.047 0.7711
388.222 0.7711
388.397 0.773657
388.571 0.773657
388.746 0.773657
388.921 0.773657
389.096 0.776215
389.271 0.776215
389.446 0.776215
389.621 0.776215
389.796 0.778772
389.971 0.778772
390.146 0.78133
390.321 0.78133
390.496 0.78133
390.671 0.783887
390.845 0.783887
391.02 0.783887
391.195 0.786445
391.37 0.786445
391.545 0.786445
391.72 0.786445
391.895 0.789003
392.07 0.789003
392.245 0.789003
392.42 0.79156
392.595 0.79156
392.77 0.79156
392.945 0.79156
393.12 0.794118
393.294 0.794118
393.469 0.794118
393.644 0.796675
393.819 0.796675
393.994 0.796675
394.169 0.799233
394.344 0.799233
394.519 0.799233
394.694 0.799233
394.869 0.799233
395.044 0.80179
395.219 0.80179
395.394 0.80179
395.569 0.80179
395.743 0.804348
395.918 0.804348
396.093 0.804348
396.268 0.806905
396.443 0.806905
396.618 0.806905
396.793 0.806905
396.968 0.806905
397.143 0.806905
397.318 0.806905
397.493 0.806905
397.668 0.809463
397.843 0.809463
398.017 0.81202
398.192 0.81202
398.367 0.81202
398.542 0.81202
398.717 0.814578
398.892 0.814578
399.067 0.814578
399.242 0.814578
399.417 0.814578
399.592 0.814578
399.767 0.817136
399.942 0.817136
400.117 0.817136
400.292 0.817136
400.466 0.817136
400.641 0.819693
400.816 0.819693
400.991 0.819693
401.166 0.819693
401.341 0.819693
401.516 0.819693
401.691 0.822251
401.866 0.822251
402.041 0.822251
402.216 0.822251
402.391 0.822251
402.566 0.822251
402.741 0.822251
402.915 0.824808
403.09 0.824808
403.265 0.824808
403.44 0.824808
403.615 0.824808
403.79 0.824808
403.965 0.824808
404.14 0.824808
404.315 0.827366
404.49 0.827366
404.665 0.827366
404.84 0.827366
405.015 0.827366
405.19 0.827366
405.364 0.827366
405.539 0.827366
405.714 0.829923
405.889 0.829923
406.064 0.829923
406.239 0.829923
406.414 0.829923
406.589 0.829923
406.764 0.829923
406.939 0.829923
407.114 0.829923
407.289 0.829923
407.464 0.832481
407.638 0.832481
407.813 0.832481
407.988 0.832481
408.163 0.832481
408.338 0.832481
408.513 0.832481
408.688 0.832481
408.863 0.832481
409.038 0.832481
409.213 0.835038
409.388 0.835038
409.563 0.835038
409.738 0.835038
409.913 0.835038
410.087 0.835038
410.262 0.835038
410.437 0.835038
410.612 0.835038
410.787 0.835038
410.962 0.835038
411.137 0.835038
411.312 0.835038
411.487 0.835038
411.662 0.835038
411.837 0.835038
412.012 0.835038
412.187 0.835038
412.362 0.835038
412.536 0.835038
412.711 0.835038
412.886 0.835038
413.061 0.835038
413.236 0.835038
413.411 0.835038
413.586 0.835038
413.761 0.835038
413.936 0.835038
414.111 0.835038
414.286 0.835038
414.461 0.835038
414.636 0.835038
414.81 0.835038
414.985 0.835038
415.16 0.835038
415.335 0.835038
415.51 0.835038
415.685 0.835038
415.86 0.835038
416.035 0.835038
416.21 0.835038
416.385 0.835038
416.56 0.835038
416.735 0.835038
416.91 0.835038
417.085 0.835038
417.259 0.835038
417.434 0.835038
417.609 0.835038
417.784 0.835038
417.959 0.835038
418.134 0.835038
418.309 0.835038
418.484 0.835038
418.659 0.835038
418.834 0.832481
419.009 0.832481
419.184 0.832481
419.359 0.832481
419.534 0.832481
419.708 0.832481
419.883 0.832481
420.058 0.832481
420.233 0.832481
420.408 0.832481
420.583 0.832481
420.758 0.832481
420.933 0.832481
421.108 0.832481
421.283 0.832481
421.458 0.832481
421.633 0.829923
421.808 0.829923
421.983 0.829923
422.157 0.829923
422.332 0.829923
422.507 0.829923
422.682 0.829923
422.857 0.829923
423.032 0.829923
423.207 0.829923
423.382 0.829923
423.557 0.827366
423.732 0.827366
423.907 0.827366
424.082 0.827366
424.257 0.827366
424.431 0.827366
424.606 0.827366
424.781 0.827366
424.956 0.827366
425.131 0.824808
425.306 0.824808
425.481 0.824808
425.656 0.824808
425.831 0.824808
426.006 0.824808
426.181 0.822251
426.356 0.822251
426.531 0.822251
426.706 0.822251
426.88 0.822251
427.055 0.822251
427.23 0.822251
427.405 0.822251
427.58 0.819693
427.755 0.819693
427.93 0.819693
428.105 0.819693
428.28 0.819693
428.455 0.817136
428.63 0.817136
428.805 0.817136
428.98 0.817136
429.155 0.817136
429.329 0.814578
429.504 0.814578
429.679 0.814578
429.854 0.814578
430.029 0.814578
430.204 0.814578
430.379 0.814578
430.554 0.814578
430.729 0.81202
430.904 0.81202
431.079 0.81202
431.254 0.81202
431.429 0.809463
431.603 0.809463
431.778 0.806905
431.953 0.806905
432.128 0.806905
432.303 0.806905
432.478 0.806905
432.653 0.806905
432.828 0.804348
433.003 0.804348
433.178 0.804348
433.353 0.804348
433.528 0.804348
433.703 0.80179
433.878 0.80179
434.052 0.80179
434.227 0.80179
434.402 0.80179
434.577 0.799233
434.752 0.799233
434.927 0.799233
435.102 0.796675
435.277 0.796675
435.452 0.796675
435.627 0.796675
435.802 0.796675
435.977 0.794118
436.152 0.794118
436.327 0.794118
436.501 0.794118
436.676 0.794118
436.851 0.79156
437.026 0.79156
437.201 0.789003
437.376 0.789003
437.551 0.789003
437.726 0.789003
437.901 0.786445
438.076 0.786445
438.251 0.786445
438.426 0.786445
438.601 0.783887
438.776 0.783887
438.95 0.783887
439.125 0.783887
439.3 0.78133
439.475 0.78133
439.65 0.78133
439.825 0.778772
440 0.778772
440.175 0.778772
440.35 0.778772
440.525 0.776215
440.7 0.776215
440.875 0.773657
441.05 0.773657
441.224 0.773657
441.399 0.773657
441.574 0.7711
441.749 0.7711
441.924 0.7711
442.099 0.7711
442.274 0.768542
442.449 0.768542
442.624 0.765985
442.799 0.765985
442.974 0.765985
443.149 0.765985
443.324 0.763427
443.499 0.763427
443.673 0.763427
443.848 0.76087
444.023 0.76087
444.198 0.76087
444.373 0.758312
444.548 0.758312
444.723 0.758312
444.898 0.755754
445.073 0.755754
445.248 0.755754
445.423 0.753197
445.598 0.753197
445.773 0.753197
445.948 0.750639
446.122 0.750639
446.297 0.750639
446.472 0.748082
446.647 0.748082
446.822 0.748082
446.997 0.745524
447.172 0.745524
447.347 0.742967
447.522 0.742967
447.697 0.742967
447.872 0.740409
448.047 0.740409
448.222 0.740409
448.397 0.737852
448.571 0.737852
448.746 0.735294
448.921 0.735294
449.096 0.735294
449.271 0.735294
449.446 0.732737
449.621 0.732737
449.796 0.730179
449.971 0.730179
450.146 0.730179
450.321 0.727621
450.496 0.725064
450.671 0.725064
450.845 0.725064
451.02 0.725064
451.195 0.722506
451.37 0.722506
451.545 0.722506
451.72 0.719949
451.895 0.719949
452.07 0.717391
452.245 0.717391
452.42 0.717391
452.595 0.714834
452.77 0.714834
452.945 0.712276
453.12 0.712276
453.294 0.712276
453.469 0.709719
453.644 0.707161
453.819 0.707161
453.994 0.707161
454.169 0.707161
454.344 0.704604
454.519 0.704604
454.694 0.702046
454.869 0.702046
455.044 0.702046
455.219 0.699488
455.394 0.699488
455.569 0.696931
455.743 0.696931
455.918 0.694373
456.093 0.694373
456.268 0.694373
456.443 0.691816
456.618 0.691816
456.793 0.689258
456.968 0.689258
457.143 0.686701
457.318 0.686701
457.493 0.686701
457.668 0.684143
457.843 0.684143
458.017 0.684143
458.192 0.681586
458.367 0.681586
458.542 0.679028
458.717 0.679028
458.892 0.676471
459.067 0.676471
459.242 0.676471
459.417 0.673913
459.592 0.671355
459.767 0.671355
459.942 0.671355
460.117 0.668798
460.292 0.668798
460.466 0.66624
460.641 0.66624
460.816 0.66624
460.991 0.663683
461.166 0.663683
461.341 0.661125
461.516 0.661125
461.691 0.658568
461.866 0.658568
462.041 0.65601
462.216 0.65601
462.391 0.65601
462.566 0.653453
462.741 0.653453
462.915 0.650895
463.09 0.650895
463.265 0.648338
463.44 0.648338
463.615 0.64578
463.79 0.64578
463.965 0.643223
464.14 0.643223
464.315 0.643223
464.49 0.640665
464.665 0.640665
464.84 0.638107
465.015 0.638107
465.19 0.63555
465.364 0.63555
465.539 0.632992
465.714 0.632992
465.889 0.630435
466.064 0.630435
466.239 0.627877
466.414 0.627877
466.589 0.62532
466.764 0.62532
466.939 0.622762
467.114 0.622762
467.289 0.620205
467.464 0.620205
467.638 0.620205
467.813 0.617647
467.988 0.61509
468.163 0.61509
468.338 0.61509
468.513 0.612532
468.688 0.612532
468.863 0.609974
469.038 0.609974
469.213 0.607417
469.388 0.607417
469.563 0.604859
469.738 0.604859
469.913 0.602302
470.087 0.602302
470.262 0.599744
470.437 0.599744
470.612 0.597187
470.787 0.597187
470.962 0.597187
471.137 0.594629
471.312 0.592072
471.487 0.592072
471.662 0.592072
471.837 0.589514
472.012 0.589514
472.187 0.586957
472.362 0.584399
472.536 0.584399
472.711 0.584399
472.886 0.581841
473.061 0.581841
473.236 0.579284
473.411 0.576726
473.586 0.576726
473.761 0.574169
473.936 0.574169
474.111 0.574169
474.286 0.571611
474.461 0.571611
474.636 0.569054
474.81 0.569054
474.985 0.566496
475.16 0.566496
475.335 0.563939
475.51 0.563939
475.685 0.561381
475.86 0.561381
476.035 0.558824
476.21 0.558824
476.385 0.556266
476.56 0.556266
476.735 0.553708
476.91 0.553708
477.085 0.551151
477.259 0.551151
477.434 0.548593
477.609 0.548593
477.784 0.546036
477.959 0.546036
478.134 0.543478
478.309 0.543478
478.484 0.540921
478.659 0.540921
478.834 0.538363
479.009 0.538363
479.184 0.535806
479.359 0.535806
479.534 0.533248
479.708 0.533248
479.883 0.530691
480.058 0.530691
480.233 0.528133
480.408 0.528133
480.583 0.525575
480.758 0.525575
480.933 0.523018
481.108 0.523018
481.283 0.52046
481.458 0.52046
481.633 0.517903
481.808 0.515345
481.983 0.515345