467.386 0.579734
467.782 0.579734
468.178 0.583056
468.574 0.586379
468.97 0.586379
469.366 0.589701
469.762 0.593023
470.158 0.593023
470.554 0.596346
470.95 0.596346
471.347 0.599668
471.743 0.599668
472.139 0.60299
472.535 0.606312
472.931 0.606312
473.327 0.606312
473.723 0.609635
474.119 0.612957
474.515 0.612957
474.911 0.616279
475.307 0.619601
475.703 0.619601
476.099 0.622924
476.495 0.626246
476.891 0.626246
477.287 0.626246
477.683 0.629568
478.079 0.63289
478.475 0.63289
478.871 0.636213
479.267 0.636213
479.663 0.639535
480.059 0.639535
480.455 0.642857
480.851 0.646179
481.248 0.646179
481.644 0.649502
482.04 0.649502
482.436 0.652824
482.832 0.652824
483.228 0.656146
483.624 0.659468
484.02 0.659468
484.416 0.659468
484.812 0.662791
485.208 0.662791
485.604 0.666113
486 0.669435
486.396 0.669435
486.792 0.672757
487.188 0.672757
487.584 0.672757
487.98 0.67608
488.376 0.679402
488.772 0.679402
489.168 0.682724
489.564 0.682724
489.96 0.686047
490.356 0.686047
490.752 0.689369
491.149 0.689369
491.545 0.692691
491.941 0.692691
492.337 0.696013
492.733 0.696013
493.129 0.699336
493.525 0.699336
493.921 0.702658
494.317 0.702658
494.713 0.702658
495.109 0.70598
495.505 0.709302
495.901 0.709302
496.297 0.712625
496.693 0.712625
497.089 0.712625
497.485 0.715947
497.881 0.715947
498.277 0.719269
498.673 0.719269
499.069 0.722591
499.465 0.722591
499.861 0.725914
500.257 0.725914
500.653 0.729236
501.05 0.729236
501.446 0.732558
501.842 0.732558
502.238 0.732558
502.634 0.73588
503.03 0.73588
503.426 0.73588
503.822 0.739203
504.218 0.739203
504.614 0.739203
505.01 0.742525
505.406 0.742525
505.802 0.745847
506.198 0.745847
506.594 0.749169
506.99 0.752492
507.386 0.752492
507.782 0.752492
508.178 0.755814
508.574 0.759136
508.97 0.759136
509.366 0.759136
509.762 0.762458
510.158 0.762458
510.554 0.762458
510.95 0.765781
511.347 0.765781
511.743 0.769103
512.139 0.769103
512.535 0.769103
512.931 0.772425
513.327 0.772425
513.723 0.772425
514.119 0.775748
514.515 0.775748
514.911 0.77907
515.307 0.77907
515.703 0.77907
516.099 0.782392
516.495 0.782392
516.891 0.782392
517.287 0.782392
517.683 0.785714
518.079 0.785714
518.475 0.789037
518.871 0.789037
519.267 0.789037
519.663 0.792359
520.059 0.792359
520.455 0.792359
520.851 0.792359
521.248 0.795681
521.644 0.795681
522.04 0.795681
522.436 0.799003
522.832 0.799003
523.228 0.802326
523.624 0.802326
524.02 0.802326
524.416 0.805648
524.812 0.805648
525.208 0.805648
525.604 0.805648
526 0.80897
526.396 0.80897
526.792 0.80897
527.188 0.80897
527.584 0.812292
527.98 0.812292
528.376 0.812292
528.772 0.812292
529.168 0.815615
529.564 0.815615
529.96 0.815615
530.356 0.818937
530.752 0.818937
531.149 0.818937
531.545 0.818937
531.941 0.822259
532.337 0.822259
532.733 0.822259
533.129 0.822259
533.525 0.825581
533.921 0.825581
534.317 0.825581
534.713 0.825581
535.109 0.828904
535.505 0.828904
535.901 0.828904
536.297 0.828904
536.693 0.832226
537.089 0.832226
537.485 0.835548
537.881 0.835548
538.277 0.835548
538.673 0.835548
539.069 0.83887
539.465 0.83887
539.861 0.83887
540.257 0.83887
540.653 0.83887
541.05 0.83887
541.446 0.83887
541.842 0.83887
542.238 0.83887
542.634 0.83887
543.03 0.842193
543.426 0.842193
543.822 0.842193
544.218 0.842193
544.614 0.845515
545.01 0.845515
545.406 0.845515
545.802 0.845515
546.198 0.845515
546.594 0.845515
546.99 0.848837
547.386 0.848837
547.782 0.848837
548.178 0.848837
548.574 0.848837
548.97 0.848837
549.366 0.848837
549.762 0.848837
550.158 0.852159
550.554 0.852159
550.95 0.852159
551.347 0.852159
551.743 0.852159
552.139 0.852159
552.535 0.855482
552.931 0.855482
553.327 0.855482
553.723 0.855482
554.119 0.855482
554.515 0.855482
554.911 0.855482
555.307 0.855482
555.703 0.855482
556.099 0.855482
556.495 0.858804
556.891 0.858804
557.287 0.858804
557.683 0.858804
558.079 0.858804
558.475 0.858804
558.871 0.858804
559.267 0.858804
559.663 0.862126
560.059 0.862126
560.455 0.862126
560.851 0.862126
561.248 0.862126
561.644 0.862126
562.04 0.862126
562.436 0.862126
562.832 0.862126
563.228 0.862126
563.624 0.862126
564.02 0.862126
564.416 0.862126
564.812 0.862126
565.208 0.865449
565.604 0.865449
566 0.865449
566.396 0.865449
566.792 0.865449
567.188 0.865449
567.584 0.865449
567.98 0.865449
568.376 0.865449
568.772 0.865449
569.168 0.865449
569.564 0.865449
569.96 0.865449
570.356 0.865449
570.752 0.865449
571.149 0.865449
571.545 0.865449
571.941 0.865449
572.337 0.865449
572.733 0.865449
573.129 0.865449
573.525 0.865449
573.921 0.865449
574.317 0.865449
574.713 0.865449
575.109 0.865449
575.505 0.865449
575.901 0.865449
576.297 0.865449
576.693 0.865449
577.089 0.865449
577.485 0.865449
577.881 0.865449
578.277 0.865449
578.673 0.865449
579.069 0.865449
579.465 0.865449
579.861 0.865449
580.257 0.865449
580.653 0.865449
581.05 0.865449
581.446 0.865449
581.842 0.865449
582.238 0.865449
582.634 0.862126
583.03 0.862126
583.426 0.862126
583.822 0.862126
584.218 0.862126
584.614 0.862126
585.01 0.862126
585.406 0.862126
585.802 0.862126
586.198 0.862126
586.594 0.862126
586.99 0.862126
587.386 0.862126
587.782 0.862126
588.178 0.862126
588.574 0.858804
588.97 0.858804
589.366 0.858804
589.762 0.858804
590.158 0.858804
590.554 0.858804
590.95 0.858804
591.347 0.858804
591.743 0.858804
592.139 0.858804
592.535 0.858804
592.931 0.858804
593.327 0.858804
593.723 0.855482
594.119 0.855482
594.515 0.855482
594.911 0.855482
595.307 0.855482
595.703 0.855482
596.099 0.855482
596.495 0.855482
596.891 0.852159
597.287 0.852159
597.683 0.852159
598.079 0.852159
598.475 0.852159
598.871 0.852159
599.267 0.852159
599.663 0.848837
600.059 0.848837
600.455 0.848837
600.851 0.848837
601.248 0.848837
601.644 0.848837
602.04 0.848837
602.436 0.845515
602.832 0.845515
603.228 0.845515
603.624 0.845515
604.02 0.845515
604.416 0.845515
604.812 0.845515
605.208 0.842193
605.604 0.842193
606 0.842193
606.396 0.842193
606.792 0.842193
607.188 0.842193
607.584 0.83887
607.98 0.83887
608.376 0.83887
608.772 0.83887
609.168 0.83887
609.564 0.83887
609.96 0.83887
610.356 0.835548
610.752 0.835548
611.149 0.835548
611.545 0.835548
611.941 0.832226
612.337 0.832226
612.733 0.832226
613.129 0.832226
613.525 0.832226
613.921 0.832226
614.317 0.828904
614.713 0.828904
615.109 0.828904
615.505 0.828904
615.901 0.828904
616.297 0.825581
616.693 0.825581
617.089 0.825581
617.485 0.825581
617.881 0.825581
618.277 0.822259
618.673 0.822259
619.069 0.822259
619.465 0.822259
619.861 0.822259
620.257 0.818937
620.653 0.818937
621.05 0.818937
621.446 0.818937
621.842 0.815615
622.238 0.815615
622.634 0.815615
623.03 0.815615
623.426 0.812292
623.822 0.812292
624.218 0.812292
624.614 0.80897
625.01 0.80897
625.406 0.80897
625.802 0.80897
626.198 0.805648
626.594 0.805648
626.99 0.805648
627.386 0.805648
627.782 0.805648
628.178 0.802326
628.574 0.802326
628.97 0.802326
629.366 0.802326
629.762 0.799003
630.158 0.799003
630.554 0.799003
630.95 0.799003
631.347 0.799003
631.743 0.795681
632.139 0.795681
632.535 0.795681
632.931 0.792359
633.327 0.792359
633.723 0.792359
634.119 0.792359
634.515 0.789037
634.911 0.789037
635.307 0.789037
635.703 0.785714
636.099 0.785714
636.495 0.785714
636.891 0.782392
637.287 0.782392
637.683 0.782392
638.079 0.782392
638.475 0.77907
638.871 0.77907
639.267 0.77907
639.663 0.77907
640.059 0.775748
640.455 0.775748
640.851 0.775748
641.248 0.772425
641.644 0.772425
642.04 0.772425
642.436 0.769103
642.832 0.769103
643.228 0.769103
643.624 0.765781
644.02 0.765781
644.416 0.765781
644.812 0.762458
645.208 0.762458
645.604 0.762458
646 0.762458
646.396 0.759136
646.792 0.759136
647.188 0.759136
647.584 0.755814
647.98 0.755814
648.376 0.755814
648.772 0.752492
649.168 0.752492
649.564 0.752492
649.96 0.749169
650.356 0.749169
650.752 0.749169
651.149 0.745847
651.545 0.745847
651.941 0.745847
652.337 0.745847
652.733 0.742525
653.129 0.742525
653.525 0.742525
653.921 0.739203
654.317 0.739203
654.713 0.739203
655.109 0.73588
655.505 0.73588
655.901 0.73588
656.297 0.732558
656.693 0.732558
657.089 0.732558
657.485 0.729236
657.881 0.729236
658.277 0.729236
658.673 0.725914
659.069 0.725914
659.465 0.725914
659.861 0.722591
660.257 0.722591
660.653 0.722591
661.05 0.719269
661.446 0.719269
661.842 0.715947
662.238 0.715947
662.634 0.712625
663.03 0.712625
663.426 0.712625
663.822 0.712625
664.218 0.709302
664.614 0.709302
665.01 0.709302
665.406 0.709302
665.802 0.70598
666.198 0.70598
666.594 0.702658
666.99 0.702658
667.386 0.699336
667.782 0.699336
668.178 0.699336
668.574 0.699336
668.97 0.696013
669.366 0.696013
669.762 0.692691
670.158 0.692691
670.554 0.692691
670.95 0.689369
671.347 0.689369
671.743 0.686047
672.139 0.686047
672.535 0.686047
672.931 0.682724
673.327 0.682724
673.723 0.682724
674.119 0.679402
674.515 0.679402
674.911 0.67608
675.307 0.67608
675.703 0.67608
676.099 0.672757
676.495 0.672757
676.891 0.672757
677.287 0.669435
677.683 0.669435
678.079 0.666113
678.475 0.666113
678.871 0.666113
679.267 0.662791
679.663 0.662791
680.059 0.659468
680.455 0.659468
680.851 0.659468
681.248 0.656146
681.644 0.656146
682.04 0.652824
682.436 0.652824
682.832 0.652824
683.228 0.652824
683.624 0.649502
684.02 0.649502
684.416 0.646179
684.812 0.646179
685.208 0.646179
685.604 0.642857
686 0.642857
686.396 0.639535
686.792 0.639535
687.188 0.639535
687.584 0.636213
687.98 0.636213
688.376 0.63289
688.772 0.63289
689.168 0.63289
689.564 0.629568
689.96 0.629568
690.356 0.626246
690.752 0.626246
691.149 0.626246
691.545 0.622924
691.941 0.622924
692.337 0.619601
692.733 0.619601
693.129 0.619601
693.525 0.616279
693.921 0.616279
694.317 0.612957
694.713 0.612957
695.109 0.612957
695.505 0.609635