681.584 0.64578
681.974 0.648338
682.363 0.648338
682.752 0.648338
683.142 0.650895
683.531 0.653453
683.921 0.653453
684.31 0.653453
684.699 0.65601
685.089 0.65601
685.478 0.658568
685.868 0.658568
686.257 0.661125
686.646 0.661125
687.036 0.663683
687.425 0.663683
687.815 0.66624
688.204 0.66624
688.593 0.668798
688.983 0.668798
689.372 0.668798
689.762 0.671355
690.151 0.671355
690.54 0.673913
690.93 0.673913
691.319 0.676471
691.709 0.676471
692.098 0.679028
692.488 0.679028
692.877 0.681586
693.266 0.681586
693.656 0.684143
694.045 0.684143
694.435 0.686701
694.824 0.686701
695.213 0.689258
695.603 0.689258
695.992 0.689258
696.382 0.691816
696.771 0.691816
697.16 0.694373
697.55 0.694373
697.939 0.694373
698.329 0.696931
698.718 0.696931
699.107 0.699488
699.497 0.699488
699.886 0.702046
700.276 0.702046
700.665 0.704604
701.055 0.704604
701.444 0.704604
701.833 0.707161
702.223 0.707161
702.612 0.709719
703.002 0.709719
703.391 0.712276
703.78 0.712276
704.17 0.714834
704.559 0.714834
704.949 0.714834
705.338 0.717391
705.727 0.719949
706.117 0.719949
706.506 0.719949
706.896 0.722506
707.285 0.722506
707.674 0.722506
708.064 0.725064
708.453 0.725064
708.843 0.727621
709.232 0.727621
709.621 0.727621
710.011 0.730179
710.4 0.730179
710.79 0.732737
711.179 0.732737
711.569 0.732737
711.958 0.735294
712.347 0.735294
712.737 0.737852
713.126 0.737852
713.516 0.737852
713.905 0.740409
714.294 0.740409
714.684 0.740409
715.073 0.742967
715.463 0.742967
715.852 0.745524
716.241 0.745524
716.631 0.748082
717.02 0.748082
717.41 0.748082
717.799 0.748082
718.188 0.750639
718.578 0.753197
718.967 0.753197
719.357 0.753197
719.746 0.753197
720.136 0.755754
720.525 0.755754
720.914 0.758312
721.304 0.758312
721.693 0.758312
722.083 0.76087
722.472 0.76087
722.861 0.76087
723.251 0.763427
723.64 0.763427
724.03 0.765985
724.419 0.765985
724.808 0.765985
725.198 0.765985
725.587 0.768542
725.977 0.768542
726.366 0.768542
726.755 0.7711
727.145 0.7711
727.534 0.7711
727.924 0.773657
728.313 0.773657
728.702 0.773657
729.092 0.776215
729.481 0.776215
729.871 0.778772
730.26 0.778772
730.65 0.778772
731.039 0.778772
731.428 0.78133
731.818 0.78133
732.207 0.783887
732.597 0.783887
732.986 0.783887
733.375 0.783887
733.765 0.786445
734.154 0.786445
734.544 0.786445
734.933 0.789003
735.322 0.789003
735.712 0.789003
736.101 0.789003
736.491 0.79156
736.88 0.79156
737.269 0.79156
737.659 0.794118
738.048 0.794118
738.438 0.794118
738.827 0.796675
739.217 0.796675
739.606 0.796675
739.995 0.799233
740.385 0.799233
740.774 0.799233
741.164 0.799233
741.553 0.80179
741.942 0.80179
742.332 0.80179
742.721 0.804348
743.111 0.804348
743.5 0.804348
743.889 0.804348
744.279 0.806905
744.668 0.806905
745.058 0.806905
745.447 0.806905
745.836 0.806905
746.226 0.809463
746.615 0.809463
747.005 0.81202
747.394 0.81202
747.783 0.81202
748.173 0.81202
748.562 0.81202
748.952 0.81202
749.341 0.81202
749.731 0.814578
750.12 0.817136
750.509 0.817136
750.899 0.817136
751.288 0.817136
751.678 0.819693
752.067 0.819693
752.456 0.819693
752.846 0.822251
753.235 0.822251
753.625 0.822251
754.014 0.822251
754.403 0.822251
754.793 0.822251
755.182 0.822251
755.572 0.822251
755.961 0.822251
756.35 0.824808
756.74 0.824808
757.129 0.824808
757.519 0.824808
757.908 0.827366
758.298 0.827366
758.687 0.827366
759.076 0.829923
759.466 0.829923
759.855 0.832481
760.245 0.832481
760.634 0.832481
761.023 0.832481
761.413 0.835038
761.802 0.835038
762.192 0.835038
762.581 0.835038
762.97 0.835038
763.36 0.837596
763.749 0.837596
764.139 0.837596
764.528 0.837596
764.917 0.840153
765.307 0.840153
765.696 0.840153
766.086 0.840153
766.475 0.840153
766.864 0.840153
767.254 0.840153
767.643 0.840153
768.033 0.840153
768.422 0.840153
768.812 0.840153
769.201 0.842711
769.59 0.842711
769.98 0.842711
770.369 0.842711
770.759 0.842711
771.148 0.842711
771.537 0.845269
771.927 0.845269
772.316 0.845269
772.706 0.845269
773.095 0.845269
773.484 0.847826
773.874 0.847826
774.263 0.847826
774.653 0.850384
775.042 0.850384
775.431 0.850384
775.821 0.850384
776.21 0.850384
776.6 0.850384
776.989 0.852941
777.379 0.852941
777.768 0.852941
778.157 0.852941
778.547 0.852941
778.936 0.855499
779.326 0.855499
779.715 0.855499
780.104 0.855499
780.494 0.855499
780.883 0.855499
781.273 0.855499
781.662 0.855499
782.051 0.855499
782.441 0.858056
782.83 0.858056
783.22 0.858056
783.609 0.858056
783.998 0.858056
784.388 0.858056
784.777 0.858056
785.167 0.858056
785.556 0.860614
785.945 0.860614
786.335 0.860614
786.724 0.860614
787.114 0.860614
787.503 0.860614
787.893 0.860614
788.282 0.860614
788.671 0.860614
789.061 0.860614
789.45 0.863171
789.84 0.863171
790.229 0.863171
790.618 0.863171
791.008 0.863171
791.397 0.863171
791.787 0.863171
792.176 0.863171
792.565 0.863171
792.955 0.865729
793.344 0.865729
793.734 0.865729
794.123 0.865729
794.512 0.865729
794.902 0.865729
795.291 0.865729
795.681 0.865729
796.07 0.865729
796.46 0.865729
796.849 0.865729
797.238 0.865729
797.628 0.865729
798.017 0.868286
798.407 0.868286
798.796 0.868286
799.185 0.868286
799.575 0.868286
799.964 0.868286
800.354 0.868286
800.743 0.868286
801.132 0.868286
801.522 0.868286
801.911 0.868286
802.301 0.868286
802.69 0.868286
803.079 0.868286
803.469 0.868286
803.858 0.868286
804.248 0.868286
804.637 0.870844
805.026 0.870844
805.416 0.870844
805.805 0.870844
806.195 0.870844
806.584 0.870844
806.974 0.870844
807.363 0.870844
807.752 0.870844
808.142 0.870844
808.531 0.870844
808.921 0.870844
809.31 0.870844
809.699 0.870844
810.089 0.870844
810.478 0.870844
810.868 0.870844
811.257 0.870844
811.646 0.870844
812.036 0.870844
812.425 0.870844
812.815 0.870844
813.204 0.870844
813.593 0.870844
813.983 0.870844
814.372 0.870844
814.762 0.870844
815.151 0.870844
815.54 0.870844
815.93 0.870844
816.319 0.870844
816.709 0.870844
817.098 0.870844
817.488 0.870844
817.877 0.870844
818.266 0.870844
818.656 0.870844
819.045 0.870844
819.435 0.870844
819.824 0.870844
820.213 0.870844
820.603 0.870844
820.992 0.870844
821.382 0.870844
821.771 0.870844
822.16 0.870844
822.55 0.870844
822.939 0.870844
823.329 0.870844
823.718 0.870844
824.107 0.870844
824.497 0.870844
824.886 0.870844
825.276 0.870844
825.665 0.870844
826.055 0.870844
826.444 0.870844
826.833 0.870844
827.223 0.870844
827.612 0.870844
828.002 0.870844
828.391 0.870844
828.78 0.870844
829.17 0.870844
829.559 0.870844
829.949 0.870844
830.338 0.870844
830.727 0.870844
831.117 0.870844
831.506 0.870844
831.896 0.870844
832.285 0.870844
832.674 0.870844
833.064 0.870844
833.453 0.868286
833.843 0.868286
834.232 0.868286
834.621 0.868286
835.011 0.868286
835.4 0.868286
835.79 0.868286
836.179 0.868286
836.569 0.868286
836.958 0.868286
837.347 0.868286
837.737 0.868286
838.126 0.868286
838.516 0.868286
838.905 0.868286
839.294 0.868286
839.684 0.868286
840.073 0.868286
840.463 0.868286
840.852 0.865729
841.241 0.865729
841.631 0.865729
842.02 0.865729
842.41 0.865729
842.799 0.865729
843.188 0.865729
843.578 0.865729
843.967 0.865729
844.357 0.865729
844.746 0.865729
845.136 0.865729
845.525 0.863171
845.914 0.863171
846.304 0.863171
846.693 0.863171
847.083 0.863171
847.472 0.863171
847.861 0.863171
848.251 0.863171
848.64 0.863171
849.03 0.863171
849.419 0.863171
849.808 0.863171
850.198 0.860614
850.587 0.860614
850.977 0.860614
851.366 0.860614
851.755 0.860614
852.145 0.860614
852.534 0.860614
852.924 0.860614
853.313 0.860614
853.702 0.858056
854.092 0.858056
854.481 0.858056
854.871 0.858056
855.26 0.858056
855.65 0.858056
856.039 0.858056
856.428 0.858056
856.818 0.858056
857.207 0.858056
857.597 0.855499
857.986 0.855499
858.375 0.855499
858.765 0.855499
859.154 0.855499
859.544 0.855499
859.933 0.855499
860.322 0.852941
860.712 0.852941
861.101 0.852941
861.491 0.852941
861.88 0.852941
862.269 0.852941
862.659 0.852941
863.048 0.852941
863.438 0.850384
863.827 0.850384
864.217 0.850384
864.606 0.850384
864.995 0.850384
865.385 0.850384
865.774 0.850384
866.164 0.847826
866.553 0.847826
866.942 0.847826
867.332 0.847826
867.721 0.847826
868.111 0.847826
868.5 0.847826
868.889 0.845269
869.279 0.845269
869.668 0.845269
870.058 0.845269
870.447 0.845269
870.836 0.845269
871.226 0.842711
871.615 0.842711
872.005 0.842711
872.394 0.842711
872.783 0.842711
873.173 0.842711
873.562 0.842711
873.952 0.840153
874.341 0.840153
874.731 0.840153
875.12 0.840153
875.509 0.840153
875.899 0.840153
876.288 0.837596
876.678 0.837596
877.067 0.837596
877.456 0.837596
877.846 0.837596
878.235 0.837596
878.625 0.835038
879.014 0.835038
879.403 0.835038
879.793 0.835038
880.182 0.835038
880.572 0.835038
880.961 0.835038
881.35 0.832481
881.74 0.832481
882.129 0.832481
882.519 0.832481
882.908 0.832481
883.298 0.829923
883.687 0.829923
884.076 0.829923
884.466 0.829923
884.855 0.827366
885.245 0.827366
885.634 0.827366
886.023 0.827366
886.413 0.827366
886.802 0.827366
887.192 0.824808
887.581 0.824808
887.97 0.824808
888.36 0.824808
888.749 0.822251
889.139 0.822251
889.528 0.822251
889.917 0.822251
890.307 0.822251
890.696 0.822251
891.086 0.819693
891.475 0.819693
891.864 0.819693
892.254 0.819693
892.643 0.817136
893.033 0.817136
893.422 0.817136
893.812 0.817136
894.201 0.817136
894.59 0.817136
894.98 0.814578
895.369 0.814578
895.759 0.814578
896.148 0.814578
896.537 0.81202
896.927 0.81202
897.316 0.81202
897.706 0.81202
898.095 0.81202
898.484 0.809463
898.874 0.809463
899.263 0.806905
899.653 0.806905
900.042 0.806905
900.431 0.806905
900.821 0.806905
901.21 0.806905
901.6 0.804348
901.989 0.804348
902.379 0.804348
902.768 0.804348
903.157 0.804348
903.547 0.80179
903.936 0.80179
904.326 0.80179
904.715 0.80179
905.104 0.799233
905.494 0.799233
905.883 0.799233
906.273 0.799233
906.662 0.799233
907.051 0.796675
907.441 0.796675
907.83 0.796675
908.22 0.796675
908.609 0.794118
908.998 0.794118
909.388 0.794118
909.777 0.794118
910.167 0.79156
910.556 0.79156
910.945 0.79156
911.335 0.79156
911.724 0.789003
912.114 0.789003
912.503 0.789003
912.893 0.789003
913.282 0.786445
913.671 0.786445
914.061 0.786445
914.45 0.786445
914.84 0.783887
915.229 0.783887
915.618 0.783887
916.008 0.78133
916.397 0.78133
916.787 0.78133
917.176 0.78133
917.565 0.78133
917.955 0.778772
918.344 0.778772
918.734 0.778772
919.123 0.778772
919.512 0.776215
919.902 0.776215
920.291 0.776215
920.681 0.773657
921.07 0.773657
921.46 0.773657
921.849 0.773657
922.238 0.7711
922.628 0.7711
923.017 0.7711
923.407 0.7711
923.796 0.768542
924.185 0.768542
924.575 0.768542
924.964 0.765985
925.354 0.765985
925.743 0.765985
926.132 0.763427
926.522 0.763427
926.911 0.763427
927.301 0.763427
927.69 0.763427
928.079 0.76087
928.469 0.76087
928.858 0.76087
929.248 0.758312
929.637 0.758312
930.026 0.758312
930.416 0.758312
930.805 0.755754
931.195 0.755754
931.584 0.755754
931.974 0.753197
932.363 0.753197
932.752 0.750639
933.142 0.750639
933.531 0.750639
933.921 0.750639
934.31 0.750639
934.699 0.748082
935.089 0.748082
935.478 0.748082
935.868 0.748082
936.257 0.745524
936.646 0.745524
937.036 0.745524
937.425 0.742967
937.815 0.742967
938.204 0.742967
938.593 0.742967
938.983 0.740409
939.372 0.740409
939.762 0.740409
940.151 0.740409
940.54 0.737852
940.93 0.737852
941.319 0.735294
941.709 0.735294
942.098 0.735294
942.488 0.732737
942.877 0.732737
943.266 0.732737
943.656 0.732737
944.045 0.730179
944.435 0.730179
944.824 0.730179
945.213 0.727621
945.603 0.727621
945.992 0.727621
946.382 0.727621
946.771 0.725064
947.16 0.725064
947.55 0.725064
947.939 0.722506
948.329 0.722506
948.718 0.722506
949.107 0.719949
949.497 0.719949
949.886 0.719949
950.276 0.717391
950.665 0.717391
951.055 0.717391
951.444 0.717391
951.833 0.714834
952.223 0.714834
952.612 0.714834
953.002 0.712276
953.391 0.712276
953.78 0.712276
954.17 0.709719
954.559 0.707161
954.949 0.707161
955.338 0.707161
955.727 0.707161
956.117 0.707161
956.506 0.707161
956.896 0.704604
957.285 0.704604
957.674 0.704604
958.064 0.702046
958.453 0.702046
958.843 0.702046
959.232 0.699488
959.621 0.699488
960.011 0.699488
960.4 0.696931
960.79 0.696931
961.179 0.696931
961.569 0.696931
961.958 0.694373
962.347 0.694373
962.737 0.691816
963.126 0.691816
963.516 0.691816
963.905 0.689258
964.294 0.689258
964.684 0.689258
965.073 0.686701
965.463 0.686701
965.852 0.686701
966.241 0.684143
966.631 0.684143
967.02 0.684143
967.41 0.684143
967.799 0.681586
968.188 0.681586
968.578 0.681586
968.967 0.679028
969.357 0.679028
969.746 0.676471
970.136 0.676471
970.525 0.676471
970.914 0.676471
971.304 0.673913
971.693 0.673913
972.083 0.671355
972.472 0.671355
972.861 0.671355
973.251 0.668798
973.64 0.668798
974.03 0.668798
974.419 0.66624