      650.000      3.38331
      651.000      3.25961
      652.000      3.13913
      653.000      3.02182
      654.000      2.90766
      655.000      2.79661
      656.000      2.68864
      657.000      2.58374
      658.000      2.48185
      659.000      2.38291
      660.000      2.28689
      661.000      2.19374
      662.000      2.10342
      663.000      2.01588
      664.000      1.93109
      665.000      1.84899
      666.000      1.76954
      667.000      1.69270
      668.000      1.61841
      669.000      1.54663
      670.000      1.47732
      671.000      1.41042
      672.000      1.34589
      673.000      1.28368
      674.000      1.22375
      675.000      1.16604
      676.000      1.11050
      677.000      1.05709
      678.000      1.00576
      679.000     0.956467
      680.000     0.909154
      681.000     0.863777
      682.000     0.820290
      683.000     0.778644
      684.000     0.738793
      685.000     0.700690
      686.000     0.664290
      687.000     0.629546
      688.000     0.596413
      689.000     0.564846
      690.000     0.534802
      691.000     0.506235
      692.000     0.479103
      693.000     0.453363
      694.000     0.428973
      695.000     0.405891
      696.000     0.384076
      697.000     0.363488
      698.000     0.344087
      699.000     0.325833
      700.000     0.308688
      701.000     0.292619
      702.000     0.277585
      703.000     0.263548
      704.000     0.250475
      705.000     0.238328
      706.000     0.227075
      707.000     0.216680
      708.000     0.207112
      709.000     0.198336
      710.000     0.190321
      711.000     0.183036
      712.000     0.176451
      713.000     0.170536
      714.000     0.165264
      715.000     0.160604
      716.000     0.156531
      717.000     0.153018
      718.000     0.150038
      719.000     0.147566
      720.000     0.145577
      721.000     0.144048
      722.000     0.142954
      723.000     0.142274
      724.000     0.141984
      725.000     0.142065
      726.000     0.142507
      727.000     0.143278
      728.000     0.144359
      729.000     0.145731
      730.000     0.147375
      731.000     0.149273
      732.000     0.151409
      733.000     0.153766
      734.000     0.156327
      735.000     0.159077
      736.000     0.162001
      737.000     0.165084
      738.000     0.168313
      739.000     0.171673
      740.000     0.175153
      741.000     0.178739
      742.000     0.182419
      743.000     0.186182
      744.000     0.190018
      745.000     0.193914
      746.000     0.197862
      747.000     0.201850
      748.000     0.205871
      749.000     0.209915
      750.000     0.213973
      751.000     0.218016
      752.000     0.222056
      753.000     0.226088
      754.000     0.230102
      755.000     0.234094
      756.000     0.238057
      757.000     0.241984
      758.000     0.245871
      759.000     0.249711
      760.000     0.253500
      761.000     0.257233
      762.000     0.260906
      763.000     0.264514
      764.000     0.268053
      765.000     0.271521
      766.000     0.274914
      767.000     0.278228
      768.000     0.281461
      769.000     0.284603
      770.000     0.287658
      771.000     0.290626
      772.000     0.293505
      773.000     0.296293
      774.000     0.298988
      775.000     0.301590
      776.000     0.304124
      777.000     0.306563
      778.000     0.308906
      779.000     0.311151
      780.000     0.313298
      781.000     0.315348
      782.000     0.317299
      783.000     0.319151
      784.000     0.320905
      785.000     0.322561
      786.000     0.324118
      787.000     0.325578
      788.000     0.326941
      789.000     0.328207
      790.000     0.329378
      791.000     0.330453
      792.000     0.331435
      793.000     0.332323
      794.000     0.333119
      795.000     0.333824
      796.000     0.334439
      797.000     0.334966
      798.000     0.335405
      799.000     0.335759
      800.000     0.336028
      801.000     0.336215
      802.000     0.336321
      803.000     0.336346
      804.000     0.336294
      805.000     0.336165
      806.000     0.335962
      807.000     0.335686
      808.000     0.335339
      809.000     0.334922
      810.000     0.334438
      811.000     0.333889
      812.000     0.333275
      813.000     0.332600
      814.000     0.331865
      815.000     0.331071
      816.000     0.330222
      817.000     0.329318
      818.000     0.328362
      819.000     0.327355
      820.000     0.326300
      821.000     0.325198
      822.000     0.324052
      823.000     0.322863
      824.000     0.321633
      825.000     0.320364
      826.000     0.319058
      827.000     0.317717
      828.000     0.316342
      829.000     0.314936
      830.000     0.313500
      831.000     0.312037
      832.000     0.310547
      833.000     0.309033
      834.000     0.307496
      835.000     0.305939
      836.000     0.304363
      837.000     0.302769
      838.000     0.301159
      839.000     0.299535
      840.000     0.297899
      841.000     0.296251
      842.000     0.294594
      843.000     0.292929
      844.000     0.291258
      845.000     0.289582
      846.000     0.287903
      847.000     0.286221
      848.000     0.284539
      849.000     0.282857
      850.000     0.281177
      851.000     0.279500
      852.000     0.277828
      853.000     0.276178
      854.000     0.274537
      855.000     0.272904
      856.000     0.271280
      857.000     0.269667
      858.000     0.268065
      859.000     0.266475
      860.000     0.264898
      861.000     0.263335
      862.000     0.261788
      863.000     0.260256
      864.000     0.258741
      865.000     0.257244
      866.000     0.255766
      867.000     0.254306
      868.000     0.252866
      869.000     0.251447
      870.000     0.250049
      871.000     0.248673
      872.000     0.247320
      873.000     0.245989
      874.000     0.244682
      875.000     0.243399
      876.000     0.242200
      877.000     0.241026
      878.000     0.239877
      879.000     0.238753
      880.000     0.237656
      881.000     0.236584
      882.000     0.235540
      883.000     0.234521
      884.000     0.233530
      885.000     0.232567
      886.000     0.231631
      887.000     0.230722
      888.000     0.229841
      889.000     0.228988
      890.000     0.228163
      891.000     0.227367
      892.000     0.226598
      893.000     0.225858
      894.000     0.225146
      895.000     0.224459
      896.000     0.223799
      897.000     0.223168
      898.000     0.222564
      899.000     0.221988
      900.000     0.221440
      901.000     0.220920
      902.000     0.220428
      903.000     0.219963
      904.000     0.219525
      905.000     0.219114
      906.000     0.218730
      907.000     0.218373
      908.000     0.218042
      909.000     0.217737
      910.000     0.217458
      911.000     0.217204
      912.000     0.216976
      913.000     0.216773
      914.000     0.216594
      915.000     0.216439
      916.000     0.216308
      917.000     0.216200
      918.000     0.216116
      919.000     0.216054
      920.000     0.216015
      921.000     0.215998
      922.000     0.216002
      923.000     0.216027
      924.000     0.216072
      925.000     0.216138
      926.000     0.216223
      927.000     0.216328
      928.000     0.216452
      929.000     0.216593
      930.000     0.216753
      931.000     0.216930
      932.000     0.217123
      933.000     0.217333
      934.000     0.217559
      935.000     0.217800
      936.000     0.218056
      937.000     0.218327
      938.000     0.218611
      939.000     0.218908
      940.000     0.219218
      941.000     0.219540
      942.000     0.219874
      943.000     0.220219
      944.000     0.220574
      945.000     0.220940
      946.000     0.221315
      947.000     0.221700
      948.000     0.222092
      949.000     0.222493
      950.000     0.222901
      951.000     0.223316
      952.000     0.223738
      953.000     0.224165
      954.000     0.224597
      955.000     0.225035
      956.000     0.225476
      957.000     0.225922
      958.000     0.226370
      959.000     0.226822
      960.000     0.227275
      961.000     0.227730
      962.000     0.228187
      963.000     0.228644
      964.000     0.229101
      965.000     0.229558
      966.000     0.230014
      967.000     0.230469
      968.000     0.230923
      969.000     0.231374
      970.000     0.231822
      971.000     0.232267
      972.000     0.232709
      973.000     0.233147
      974.000     0.233580
      975.000     0.234008
      976.000     0.234431
      977.000     0.234848
      978.000     0.235258
      979.000     0.235662
      980.000     0.236059
      981.000     0.236449
      982.000     0.236831
      983.000     0.237204
      984.000     0.237569
      985.000     0.237925
      986.000     0.238272
      987.000     0.238609
      988.000     0.238936
      989.000     0.239252
      990.000     0.239558
      991.000     0.239853
      992.000     0.240136
      993.000     0.240407
      994.000     0.240667
      995.000     0.240914
      996.000     0.241148
      997.000     0.241370
      998.000     0.241579
      999.000     0.241774
      1000.00     0.241955
      1001.00     0.242075
      1002.00     0.242184
      1003.00     0.242282
      1004.00     0.242369
      1005.00     0.242444
      1006.00     0.242508
      1007.00     0.242560
      1008.00     0.242601
      1009.00     0.242629
      1010.00     0.242644
      1011.00     0.242647
      1012.00     0.242637
      1013.00     0.242614
      1014.00     0.242578
      1015.00     0.242518
      1016.00     0.242444
      1017.00     0.242356
      1018.00     0.242254
      1019.00     0.242138
      1020.00     0.242008
      1021.00     0.241863
      1022.00     0.241704
      1023.00     0.241531
      1024.00     0.241342
      1025.00     0.241139
      1026.00     0.240921
      1027.00     0.240688
      1028.00     0.240440
      1029.00     0.240178
      1030.00     0.239900
      1031.00     0.239607
      1032.00     0.239298
      1033.00     0.238975
      1034.00     0.238636
      1035.00     0.238283
      1036.00     0.237914
      1037.00     0.237529
      1038.00     0.237130
      1039.00     0.236715
      1040.00     0.236285
      1041.00     0.235840
      1042.00     0.235380
      1043.00     0.234905
      1044.00     0.234415
      1045.00     0.233910
      1046.00     0.233390
      1047.00     0.232855
      1048.00     0.232305
      1049.00     0.231741
      1050.00     0.231162
      1051.00     0.230569
      1052.00     0.229961
      1053.00     0.229339
      1054.00     0.228703
      1055.00     0.228052
      1056.00     0.227388
      1057.00     0.226710
      1058.00     0.226018
      1059.00     0.225313
      1060.00     0.224594
      1061.00     0.223862
      1062.00     0.223117
      1063.00     0.222360
      1064.00     0.221589
      1065.00     0.220806
      1066.00     0.220010
      1067.00     0.219203
      1068.00     0.218383
      1069.00     0.217551
      1070.00     0.216708
      1071.00     0.215853
      1072.00     0.214988
      1073.00     0.214111
      1074.00     0.213224
      1075.00     0.212326
      1076.00     0.211417
      1077.00     0.210499
      1078.00     0.209571
      1079.00     0.208633
      1080.00     0.207686
      1081.00     0.206730
      1082.00     0.205765
      1083.00     0.204791
      1084.00     0.203810
      1085.00     0.202821
      1086.00     0.201824
      1087.00     0.200820
      1088.00     0.199809
      1089.00     0.198790
      1090.00     0.197765
      1091.00     0.196734
      1092.00     0.195697
      1093.00     0.194654
      1094.00     0.193605
      1095.00     0.192552
      1096.00     0.191493
      1097.00     0.190431
      1098.00     0.189364
      1099.00     0.188293
      1100.00     0.187218
      1101.00     0.186141
      1102.00     0.185060
      1103.00     0.183977
      1104.00     0.182892
      1105.00     0.181805
      1106.00     0.180716
      1107.00     0.179627
      1108.00     0.178536
      1109.00     0.177445
      1110.00     0.176353
      1111.00     0.175262
      1112.00     0.174171
      1113.00     0.173082
      1114.00     0.171993
      1115.00     0.170906
      1116.00     0.169821
      1117.00     0.168738
      1118.00     0.167658
      1119.00     0.166582
      1120.00     0.165508
      1121.00     0.164438
      1122.00     0.163373
      1123.00     0.162312
      1124.00     0.161256
      1125.00     0.160205
      1126.00     0.159160
      1127.00     0.158121
      1128.00     0.157088
      1129.00     0.156062
      1130.00     0.155036
      1131.00     0.154017
      1132.00     0.153006
      1133.00     0.152004
      1134.00     0.151011
      1135.00     0.150027
      1136.00     0.149053
      1137.00     0.148088
      1138.00     0.147135
      1139.00     0.146191
      1140.00     0.145260
      1141.00     0.144339
      1142.00     0.143431
      1143.00     0.142535
      1144.00     0.141652
      1145.00     0.140782
      1146.00     0.139926
      1147.00     0.139084
      1148.00     0.138256
      1149.00     0.137442
      1150.00     0.136644
      1151.00     0.135862
      1152.00     0.135095
      1153.00     0.134344
      1154.00     0.133611
      1155.00     0.132894
      1156.00     0.132195
      1157.00     0.131513
      1158.00     0.130850
      1159.00     0.130206
      1160.00     0.129580
      1161.00     0.128974
      1162.00     0.128388
      1163.00     0.127821
      1164.00     0.127276
      1165.00     0.126751
      1166.00     0.126248
      1167.00     0.125766
      1168.00     0.125307
      1169.00     0.124870
      1170.00     0.124455
      1171.00     0.124064
      1172.00     0.123697
      1173.00     0.123354
      1174.00     0.123035
      1175.00     0.122740
      1176.00     0.122471
      1177.00     0.122227
      1178.00     0.122009
      1179.00     0.121817
      1180.00     0.121652
      1181.00     0.121514
      1182.00     0.121403
      1183.00     0.121319
      1184.00     0.121264
      1185.00     0.121237
      1186.00     0.121239
      1187.00     0.121270
      1188.00     0.121330
      1189.00     0.121420
      1190.00     0.121540
      1191.00     0.121691
      1192.00     0.121872
      1193.00     0.122085
      1194.00     0.122329
      1195.00     0.122605
      1196.00     0.122913
      1197.00     0.123254
      1198.00     0.123628
      1199.00     0.124035
      1200.00     0.124475
      1201.00     0.124949
      1202.00     0.125458
      1203.00     0.126001
      1204.00     0.126578
      1205.00     0.127191
      1206.00     0.127840
      1207.00     0.128524
      1208.00     0.129244
      1209.00     0.130001
      1210.00     0.130794
      1211.00     0.131625
      1212.00     0.132492
      1213.00     0.133398
      1214.00     0.134341
      1215.00     0.135323
      1216.00     0.136343
      1217.00     0.137402
      1218.00     0.138500
      1219.00     0.139638
      1220.00     0.140815
      1221.00     0.142032
      1222.00     0.143289
      1223.00     0.144587
      1224.00     0.145926
      1225.00     0.147306
      1226.00     0.148727
      1227.00     0.150190
      1228.00     0.151694
      1229.00     0.153241
      1230.00     0.154830
      1231.00     0.156462
      1232.00     0.158137
      1233.00     0.159855
      1234.00     0.161616
      1235.00     0.163421
      1236.00     0.165270
      1237.00     0.167163
      1238.00     0.169101
      1239.00     0.171083
      1240.00     0.173110
      1241.00     0.175182
      1242.00     0.177300
      1243.00     0.179463
      1244.00     0.181672
      1245.00     0.183926
      1246.00     0.186227
      1247.00     0.188575
      1248.00     0.190969
      1249.00     0.193410
      1250.00     0.195898
      1251.00     0.198433
      1252.00     0.201016
      1253.00     0.203646
      1254.00     0.206324
      1255.00     0.209051
      1256.00     0.211825
      1257.00     0.214648
      1258.00     0.217520
      1259.00     0.220440
      1260.00     0.223410
      1261.00     0.226428
      1262.00     0.229496
      1263.00     0.232613
      1264.00     0.235780
      1265.00     0.238997
      1266.00     0.242264
      1267.00     0.245581
      1268.00     0.248948
      1269.00     0.252366
      1270.00     0.255834
      1271.00     0.259354
      1272.00     0.262924
      1273.00     0.266545
      1274.00     0.270217
      1275.00     0.273941
      1276.00     0.277716
      1277.00     0.281543
      1278.00     0.285421
      1279.00     0.289351
      1280.00     0.293333
      1281.00     0.297368
      1282.00     0.301454
      1283.00     0.305593
      1284.00     0.309785
      1285.00     0.314029
      1286.00     0.318325
      1287.00     0.322675
      1288.00     0.327077
      1289.00     0.331532
      1290.00     0.336040
      1291.00     0.340602
      1292.00     0.345216
      1293.00     0.349884
      1294.00     0.354606
      1295.00     0.359380
      1296.00     0.364209
      1297.00     0.369091
      1298.00     0.374027
      1299.00     0.379017
      1300.00     0.384060
      1301.00     0.389158
      1302.00     0.394309
      1303.00     0.399515
      1304.00     0.404775
      1305.00     0.410089
      1306.00     0.415457
      1307.00     0.420879
      1308.00     0.426356
      1309.00     0.431888
      1310.00     0.437473
      1311.00     0.443113
      1312.00     0.448808
      1313.00     0.454557
      1314.00     0.460361
      1315.00     0.466219
      1316.00     0.472132
      1317.00     0.478100
      1318.00     0.484123
      1319.00     0.490200
      1320.00     0.496332
      1321.00     0.502518
      1322.00     0.508760
      1323.00     0.515056
      1324.00     0.521407
      1325.00     0.527812
      1326.00     0.534273
      1327.00     0.540788
      1328.00     0.547359
      1329.00     0.553983
      1330.00     0.560663
      1331.00     0.567398
      1332.00     0.574187
      1333.00     0.581031
      1334.00     0.587930
      1335.00     0.594883
      1336.00     0.601892
      1337.00     0.608955
      1338.00     0.616072
      1339.00     0.623244
      1340.00     0.630471
      1341.00     0.637753
      1342.00     0.645089
      1343.00     0.652479
      1344.00     0.659924
      1345.00     0.667424
      1346.00     0.674978
      1347.00     0.682586
      1348.00     0.690248
      1349.00     0.697965
      1350.00     0.705736
