      360.000      1.70912
      361.000      1.52548
      362.000      1.35755
      363.000      1.20464
      364.000      1.06603
      365.000     0.940960
      366.000     0.828980
      367.000     0.729015
      368.000     0.640333
      369.000     0.562215
      370.000     0.493958
      371.000     0.434873
      372.000     0.384290
      373.000     0.341557
      374.000     0.306048
      375.000     0.277156
      376.000     0.254325
      377.000     0.236983
      378.000     0.224599
      379.000     0.216669
      380.000     0.212714
      381.000     0.212281
      382.000     0.214943
      383.000     0.220299
      384.000     0.227974
      385.000     0.237617
      386.000     0.248902
      387.000     0.261525
      388.000     0.275207
      389.000     0.289692
      390.000     0.304742
      391.000     0.320143
      392.000     0.335699
      393.000     0.351234
      394.000     0.366590
      395.000     0.381625
      396.000     0.396215
      397.000     0.410250
      398.000     0.423635
      399.000     0.436289
      400.000     0.448144
      401.000     0.456192
      402.000     0.463474
      403.000     0.469964
      404.000     0.475644
      405.000     0.480485
      406.000     0.484465
      407.000     0.487622
      408.000     0.489961
      409.000     0.491490
      410.000     0.492220
      411.000     0.492169
      412.000     0.491354
      413.000     0.489798
      414.000     0.487525
      415.000     0.484562
      416.000     0.480938
      417.000     0.476684
      418.000     0.471832
      419.000     0.466415
      420.000     0.460468
      421.000     0.454026
      422.000     0.447126
      423.000     0.439804
      424.000     0.432096
      425.000     0.424041
      426.000     0.415736
      427.000     0.407157
      428.000     0.398339
      429.000     0.389318
      430.000     0.380129
      431.000     0.370808
      432.000     0.361388
      433.000     0.351904
      434.000     0.342386
      435.000     0.332868
      436.000     0.323382
      437.000     0.313968
      438.000     0.304642
      439.000     0.295430
      440.000     0.286358
      441.000     0.277451
      442.000     0.268746
      443.000     0.260271
      444.000     0.252031
      445.000     0.244043
      446.000     0.236326
      447.000     0.228896
      448.000     0.221769
      449.000     0.214959
      450.000     0.208478
      451.000     0.200882
      452.000     0.193599
      453.000     0.186639
      454.000     0.180007
      455.000     0.173710
      456.000     0.167754
      457.000     0.162144
      458.000     0.156882
      459.000     0.151973
      460.000     0.147419
      461.000     0.143221
      462.000     0.139381
      463.000     0.135899
      464.000     0.132774
      465.000     0.130007
      466.000     0.127595
      467.000     0.125536
      468.000     0.123824
      469.000     0.122441
      470.000     0.121402
      471.000     0.120702
      472.000     0.120338
      473.000     0.120304
      474.000     0.120594
      475.000     0.121203
      476.000     0.122166
      477.000     0.123433
      478.000     0.125000
      479.000     0.126858
      480.000     0.129001
      481.000     0.131440
      482.000     0.134145
      483.000     0.137107
      484.000     0.140319
      485.000     0.143771
      486.000     0.147455
      487.000     0.151363
      488.000     0.155482
      489.000     0.159803
      490.000     0.164316
      491.000     0.169012
      492.000     0.173881
      493.000     0.178913
      494.000     0.184099
      495.000     0.189429
      496.000     0.194893
      497.000     0.200482
      498.000     0.206186
      499.000     0.211995
      500.000     0.217900
      501.000     0.223912
      502.000     0.230002
      503.000     0.236159
      504.000     0.242374
      505.000     0.248639
      506.000     0.254944
      507.000     0.261280
      508.000     0.267639
      509.000     0.274008
      510.000     0.280378
      511.000     0.286746
      512.000     0.293103
      513.000     0.299442
      514.000     0.305753
      515.000     0.312031
      516.000     0.318266
      517.000     0.324452
      518.000     0.330581
      519.000     0.336647
      520.000     0.342643
      521.000     0.348561
      522.000     0.354396
      523.000     0.360141
      524.000     0.365790
      525.000     0.371337
      526.000     0.376803
      527.000     0.382157
      528.000     0.387392
      529.000     0.392506
      530.000     0.397492
      531.000     0.402346
      532.000     0.407064
      533.000     0.411641
      534.000     0.416074
      535.000     0.420359
      536.000     0.424491
      537.000     0.428469
      538.000     0.432289
      539.000     0.435947
      540.000     0.439441
      541.000     0.442769
      542.000     0.445928
      543.000     0.448916
      544.000     0.451731
      545.000     0.454371
      546.000     0.456835
      547.000     0.459062
      548.000     0.461105
      549.000     0.462968
      550.000     0.464648
      551.000     0.466176
      552.000     0.467522
      553.000     0.468686
      554.000     0.469667
      555.000     0.470465
      556.000     0.471082
      557.000     0.471516
      558.000     0.471770
      559.000     0.471843
      560.000     0.471737
      561.000     0.471452
      562.000     0.470990
      563.000     0.470352
      564.000     0.469540
      565.000     0.468554
      566.000     0.467398
      567.000     0.466072
      568.000     0.464579
      569.000     0.462920
      570.000     0.461099
      571.000     0.459116
      572.000     0.456976
      573.000     0.454679
      574.000     0.452230
      575.000     0.449630
      576.000     0.446883
      577.000     0.443991
      578.000     0.440961
      579.000     0.437792
      580.000     0.434492
      581.000     0.431060
      582.000     0.427499
      583.000     0.423814
      584.000     0.420007
      585.000     0.416082
      586.000     0.412043
      587.000     0.407893
      588.000     0.403622
      589.000     0.399230
      590.000     0.394738
      591.000     0.390150
      592.000     0.385473
      593.000     0.380709
      594.000     0.375862
      595.000     0.370938
      596.000     0.365940
      597.000     0.360872
      598.000     0.355738
      599.000     0.350543
      600.000     0.345292
      601.000     0.340014
      602.000     0.334687
      603.000     0.329317
      604.000     0.323906
      605.000     0.318459
      606.000     0.312981
      607.000     0.307477
      608.000     0.301950
      609.000     0.296404
      610.000     0.290845
      611.000     0.285277
      612.000     0.279704
      613.000     0.274131
      614.000     0.268561
      615.000     0.263000
      616.000     0.257452
      617.000     0.251920
      618.000     0.246411
      619.000     0.240927
      620.000     0.235473
      621.000     0.230054
      622.000     0.224674
      623.000     0.219336
      624.000     0.214047
      625.000     0.208809
      626.000     0.203626
      627.000     0.198504
      628.000     0.193446
      629.000     0.188456
      630.000     0.183539
      631.000     0.178698
      632.000     0.173938
      633.000     0.169260
      634.000     0.164664
      635.000     0.160160
      636.000     0.155755
      637.000     0.151450
      638.000     0.147250
      639.000     0.143159
      640.000     0.139181
      641.000     0.135318
      642.000     0.131576
      643.000     0.127957
      644.000     0.124465
      645.000     0.121107
      646.000     0.117882
      647.000     0.114795
      648.000     0.111849
      649.000     0.109046
      650.000     0.106392
      651.000     0.103895
      652.000     0.101550
      653.000    0.0993620
      654.000    0.0973320
      655.000    0.0954650
      656.000    0.0937620
      657.000    0.0922290
      658.000    0.0908680
      659.000    0.0896810
      660.000    0.0886710
      661.000    0.0878400
      662.000    0.0871910
      663.000    0.0867280
      664.000    0.0864520
      665.000    0.0863650
      666.000    0.0864710
      667.000    0.0867720
      668.000    0.0872690
      669.000    0.0879660
      670.000    0.0888650
      671.000    0.0899670
      672.000    0.0912750
      673.000    0.0927900
      674.000    0.0945150
      675.000    0.0964520
      676.000    0.0986100
;
      710.000     0.262531
      711.000     0.258020
      712.000     0.254055
      713.000     0.250610
      714.000     0.247657
      715.000     0.245170
      716.000     0.243124
      717.000     0.241493
      718.000     0.240255
      719.000     0.239386
      720.000     0.238863
      721.000     0.238664
      722.000     0.238769
      723.000     0.239156
      724.000     0.239807
      725.000     0.240702
      726.000     0.241840
      727.000     0.243186
      728.000     0.244724
      729.000     0.246436
      730.000     0.248307
      731.000     0.250322
      732.000     0.252466
      733.000     0.254724
      734.000     0.257083
      735.000     0.259530
      736.000     0.262052
      737.000     0.264638
      738.000     0.267276
      739.000     0.269955
      740.000     0.272664
      741.000     0.275394
      742.000     0.278135
      743.000     0.280878
      744.000     0.283614
      745.000     0.286336
      746.000     0.289035
      747.000     0.291704
      748.000     0.294336
      749.000     0.296925
      750.000     0.299465
      751.000     0.301925
      752.000     0.304325
      753.000     0.306658
      754.000     0.308921
      755.000     0.311109
      756.000     0.313217
      757.000     0.315243
      758.000     0.317183
      759.000     0.319034
      760.000     0.320792
      761.000     0.322456
      762.000     0.324022
      763.000     0.325490
      764.000     0.326857
      765.000     0.328121
      766.000     0.329282
      767.000     0.330338
      768.000     0.331288
      769.000     0.332125
      770.000     0.332854
      771.000     0.333476
      772.000     0.333991
      773.000     0.334400
      774.000     0.334703
      775.000     0.334900
      776.000     0.335019
      777.000     0.335034
      778.000     0.334945
      779.000     0.334754
      780.000     0.334460
      781.000     0.334066
      782.000     0.333573
      783.000     0.332981
      784.000     0.332294
      785.000     0.331511
      786.000     0.330635
      787.000     0.329668
      788.000     0.328612
      789.000     0.327467
      790.000     0.326238
      791.000     0.324924
      792.000     0.323529
      793.000     0.322055
      794.000     0.320504
      795.000     0.318878
      796.000     0.317179
      797.000     0.315411
      798.000     0.313574
      799.000     0.311672
      800.000     0.309708
      801.000     0.307683
      802.000     0.305600
      803.000     0.303461
      804.000     0.301270
      805.000     0.299028
      806.000     0.296738
      807.000     0.294403
      808.000     0.292025
      809.000     0.289607
      810.000     0.287152
      811.000     0.284661
      812.000     0.282137
      813.000     0.279583
      814.000     0.277002
      815.000     0.274395
      816.000     0.271765
      817.000     0.269116
      818.000     0.266448
      819.000     0.263765
      820.000     0.261069
      821.000     0.258362
      822.000     0.255647
      823.000     0.252926
      824.000     0.250201
      825.000     0.247474
      826.000     0.244748
      827.000     0.242024
      828.000     0.239306
      829.000     0.236595
      830.000     0.233892
      831.000     0.231201
      832.000     0.228522
      833.000     0.225859
      834.000     0.223213
      835.000     0.220585
      836.000     0.217978
      837.000     0.215393
      838.000     0.212832
      839.000     0.210297
      840.000     0.207790
      841.000     0.205311
      842.000     0.202863
      843.000     0.200447
      844.000     0.198064
      845.000     0.195717
      846.000     0.193406
      847.000     0.191132
      848.000     0.188897
      849.000     0.186703
      850.000     0.184550
      851.000     0.182439
      852.000     0.180372
      853.000     0.178355
      854.000     0.176385
      855.000     0.174461
      856.000     0.172585
      857.000     0.170757
      858.000     0.168978
      859.000     0.167249
      860.000     0.165571
      861.000     0.163944
      862.000     0.162369
      863.000     0.160847
      864.000     0.159378
      865.000     0.157963
      866.000     0.156601
      867.000     0.155295
      868.000     0.154043
      869.000     0.152847
      870.000     0.151707
      871.000     0.150622
      872.000     0.149594
      873.000     0.148622
      874.000     0.147707
      875.000     0.146848
      876.000     0.146093
      877.000     0.145394
      878.000     0.144752
      879.000     0.144166
      880.000     0.143637
      881.000     0.143164
      882.000     0.142748
      883.000     0.142388
      884.000     0.142084
      885.000     0.141836
      886.000     0.141644
      887.000     0.141507
      888.000     0.141425
      889.000     0.141398
      890.000     0.141425
      891.000     0.141506
      892.000     0.141641
      893.000     0.141829
      894.000     0.142070
      895.000     0.142362
      896.000     0.142703
      897.000     0.143096
      898.000     0.143540
      899.000     0.144034
      900.000     0.144578
      901.000     0.145171
      902.000     0.145812
      903.000     0.146501
      904.000     0.147237
      905.000     0.148019
      906.000     0.148847
      907.000     0.149720
      908.000     0.150638
      909.000     0.151598
      910.000     0.152602
      911.000     0.153648
      912.000     0.154735
      913.000     0.155862
      914.000     0.157029
      915.000     0.158235
      916.000     0.159478
      917.000     0.160759
      918.000     0.162076
      919.000     0.163429
      920.000     0.164816
      921.000     0.166237
      922.000     0.167690
      923.000     0.169176
      924.000     0.170692
      925.000     0.172238
      926.000     0.173814
      927.000     0.175418
      928.000     0.177049
      929.000     0.178706
      930.000     0.180389
      931.000     0.182097
      932.000     0.183828
      933.000     0.185582
      934.000     0.187357
      935.000     0.189153
      936.000     0.190969
      937.000     0.192805
      938.000     0.194657
      939.000     0.196528
      940.000     0.198414
      941.000     0.200315
      942.000     0.202230
      943.000     0.204159
      944.000     0.206100
      945.000     0.208053
      946.000     0.210016
      947.000     0.211988
      948.000     0.213969
      949.000     0.215958
      950.000     0.217954
      951.000     0.219956
      952.000     0.221963
      953.000     0.223973
      954.000     0.225988
      955.000     0.228004
      956.000     0.230022
      957.000     0.232041
      958.000     0.234059
      959.000     0.236076
      960.000     0.238092
      961.000     0.240104
      962.000     0.242113
      963.000     0.244118
      964.000     0.246117
      965.000     0.248110
      966.000     0.250097
      967.000     0.252075
      968.000     0.254046
      969.000     0.256007
      970.000     0.257958
      971.000     0.259899
      972.000     0.261828
      973.000     0.263745
      974.000     0.265649
      975.000     0.267539
      976.000     0.269415
      977.000     0.271276
      978.000     0.273122
      979.000     0.274951
      980.000     0.276763
      981.000     0.278558
      982.000     0.280334
      983.000     0.282092
      984.000     0.283830
      985.000     0.285548
      986.000     0.287245
      987.000     0.288921
      988.000     0.290575
      989.000     0.292207
      990.000     0.293815
      991.000     0.295401
      992.000     0.296962
      993.000     0.298499
      994.000     0.300011
      995.000     0.301498
      996.000     0.302959
      997.000     0.304393
      998.000     0.305801
      999.000     0.307181
      1000.00     0.308534
      1001.00     0.309816
      1002.00     0.311073
      1003.00     0.312305
      1004.00     0.313511
      1005.00     0.314692
      1006.00     0.315846
      1007.00     0.316973
      1008.00     0.318073
      1009.00     0.319146
      1010.00     0.320192
      1011.00     0.321209
      1012.00     0.322198
      1013.00     0.323159
      1014.00     0.324090
      1015.00     0.324985
      1016.00     0.325850
      1017.00     0.326685
      1018.00     0.327491
      1019.00     0.328266
      1020.00     0.329012
      1021.00     0.329726
      1022.00     0.330410
      1023.00     0.331064
      1024.00     0.331686
      1025.00     0.332277
      1026.00     0.332837
      1027.00     0.333365
      1028.00     0.333862
      1029.00     0.334328
      1030.00     0.334761
      1031.00     0.335163
      1032.00     0.335533
      1033.00     0.335872
      1034.00     0.336178
      1035.00     0.336452
      1036.00     0.336694
      1037.00     0.336904
      1038.00     0.337082
      1039.00     0.337228
      1040.00     0.337342
      1041.00     0.337423
      1042.00     0.337473
      1043.00     0.337490
      1044.00     0.337476
      1045.00     0.337430
      1046.00     0.337352
      1047.00     0.337242
      1048.00     0.337100
      1049.00     0.336927
      1050.00     0.336722
      1051.00     0.336485
      1052.00     0.336218
      1053.00     0.335919
      1054.00     0.335589
      1055.00     0.335228
      1056.00     0.334837
      1057.00     0.334414
      1058.00     0.333962
      1059.00     0.333478
      1060.00     0.332965
      1061.00     0.332422
      1062.00     0.331849
      1063.00     0.331247
      1064.00     0.330615
      1065.00     0.329955
      1066.00     0.329265
      1067.00     0.328547
      1068.00     0.327800
      1069.00     0.327025
      1070.00     0.326222
      1071.00     0.325391
      1072.00     0.324533
      1073.00     0.323648
      1074.00     0.322736
      1075.00     0.321798
      1076.00     0.320833
      1077.00     0.319843
      1078.00     0.318826
      1079.00     0.317784
      1080.00     0.316717
      1081.00     0.315626
      1082.00     0.314510
      1083.00     0.313370
      1084.00     0.312207
      1085.00     0.311021
      1086.00     0.309811
      1087.00     0.308580
      1088.00     0.307325
      1089.00     0.306049
      1090.00     0.304751
      1091.00     0.303432
      1092.00     0.302092
      1093.00     0.300732
      1094.00     0.299352
      1095.00     0.297952
      1096.00     0.296532
      1097.00     0.295094
      1098.00     0.293638
      1099.00     0.292163
      1100.00     0.290671
      1101.00     0.289161
      1102.00     0.287635
      1103.00     0.286092
      1104.00     0.284533
      1105.00     0.282959
      1106.00     0.281370
      1107.00     0.279766
      1108.00     0.278148
      1109.00     0.276516
      1110.00     0.274871
      1111.00     0.273213
      1112.00     0.271543
      1113.00     0.269861
      1114.00     0.268167
      1115.00     0.266462
      1116.00     0.264747
      1117.00     0.263021
      1118.00     0.261286
      1119.00     0.259542
      1120.00     0.257789
      1121.00     0.256028
      1122.00     0.254260
      1123.00     0.252484
      1124.00     0.250701
      1125.00     0.248912
      1126.00     0.247117
      1127.00     0.245318
      1128.00     0.243513
      1129.00     0.241704
      1130.00     0.239887
      1131.00     0.238066
      1132.00     0.236243
      1133.00     0.234418
      1134.00     0.232591
      1135.00     0.230762
      1136.00     0.228933
      1137.00     0.227104
      1138.00     0.225275
      1139.00     0.223447
      1140.00     0.221620
      1141.00     0.219795
      1142.00     0.217972
      1143.00     0.216152
      1144.00     0.214335
      1145.00     0.212522
      1146.00     0.210713
      1147.00     0.208910
      1148.00     0.207111
      1149.00     0.205319
      1150.00     0.203532
      1151.00     0.201753
      1152.00     0.199981
      1153.00     0.198217
      1154.00     0.196461
      1155.00     0.194714
      1156.00     0.192977
      1157.00     0.191249
      1158.00     0.189532
      1159.00     0.187826
      1160.00     0.186131
      1161.00     0.184448
      1162.00     0.182778
      1163.00     0.181121
      1164.00     0.179477
      1165.00     0.177847
      1166.00     0.176231
      1167.00     0.174630
      1168.00     0.173045
      1169.00     0.171476
      1170.00     0.169923
      1171.00     0.168387
      1172.00     0.166868
      1173.00     0.165368
      1174.00     0.163885
      1175.00     0.162422
      1176.00     0.160978
      1177.00     0.159554
      1178.00     0.158150
      1179.00     0.156767
      1180.00     0.155406
      1181.00     0.154066
      1182.00     0.152748
      1183.00     0.151454
      1184.00     0.150182
      1185.00     0.148934
      1186.00     0.147711
      1187.00     0.146512
      1188.00     0.145338
      1189.00     0.144189
      1190.00     0.143067
      1191.00     0.141971
      1192.00     0.140902
      1193.00     0.139861
      1194.00     0.138847
      1195.00     0.137862
      1196.00     0.136906
      1197.00     0.135978
      1198.00     0.135081
      1199.00     0.134213
      1200.00     0.133376
      1201.00     0.132570
      1202.00     0.131796
      1203.00     0.131053
      1204.00     0.130343
      1205.00     0.129665
      1206.00     0.129021
      1207.00     0.128410
      1208.00     0.127833
      1209.00     0.127290
      1210.00     0.126782
      1211.00     0.126310
      1212.00     0.125873
      1213.00     0.125472
      1214.00     0.125108
      1215.00     0.124780
      1216.00     0.124490
      1217.00     0.124237
      1218.00     0.124023
      1219.00     0.123847
      1220.00     0.123709
      1221.00     0.123611
      1222.00     0.123553
      1223.00     0.123534
      1224.00     0.123556
      1225.00     0.123618
      1226.00     0.123722
      1227.00     0.123867
      1228.00     0.124054
      1229.00     0.124283
      1230.00     0.124555
      1231.00     0.124869
      1232.00     0.125227
      1233.00     0.125628
      1234.00     0.126073
      1235.00     0.126562
      1236.00     0.127096
      1237.00     0.127675
      1238.00     0.128300
      1239.00     0.128970
      1240.00     0.129685
      1241.00     0.130447
      1242.00     0.131256
      1243.00     0.132111
      1244.00     0.133014
      1245.00     0.133964
      1246.00     0.134962
      1247.00     0.136008
      1248.00     0.137103
      1249.00     0.138246
      1250.00     0.139438
      1251.00     0.140679
      1252.00     0.141970
      1253.00     0.143311
      1254.00     0.144702
      1255.00     0.146144
      1256.00     0.147636
      1257.00     0.149179
      1258.00     0.150773
      1259.00     0.152419
      1260.00     0.154116
      1261.00     0.155866
      1262.00     0.157667
      1263.00     0.159521
      1264.00     0.161428
      1265.00     0.163388
      1266.00     0.165401
      1267.00     0.167468
      1268.00     0.169588
      1269.00     0.171762
      1270.00     0.173990
      1271.00     0.176273
      1272.00     0.178610
      1273.00     0.181002
      1274.00     0.183449
      1275.00     0.185951
      1276.00     0.188508
      1277.00     0.191121
      1278.00     0.193790
      1279.00     0.196515
      1280.00     0.199296
      1281.00     0.202134
      1282.00     0.205028
      1283.00     0.207978
      1284.00     0.210986
      1285.00     0.214051
      1286.00     0.217173
      1287.00     0.220352
      1288.00     0.223589
      1289.00     0.226884
      1290.00     0.230237
      1291.00     0.233647
      1292.00     0.237116
      1293.00     0.240643
      1294.00     0.244229
      1295.00     0.247874
      1296.00     0.251577
      1297.00     0.255339
      1298.00     0.259160
      1299.00     0.263040
      1300.00     0.266980
      1301.00     0.270979
      1302.00     0.275038
      1303.00     0.279156
      1304.00     0.283334
      1305.00     0.287572
      1306.00     0.291869
      1307.00     0.296227
      1308.00     0.300645
      1309.00     0.305123
      1310.00     0.309662
      1311.00     0.314261
      1312.00     0.318921
      1313.00     0.323641
      1314.00     0.328422
      1315.00     0.333263
      1316.00     0.338166
      1317.00     0.343129
      1318.00     0.348154
      1319.00     0.353239
      1320.00     0.358386
      1321.00     0.363593
      1322.00     0.368862
      1323.00     0.374192
      1324.00     0.379584
      1325.00     0.385037
      1326.00     0.390551
      1327.00     0.396126
      1328.00     0.401764
      1329.00     0.407462
      1330.00     0.413222
      1331.00     0.419044
      1332.00     0.424928
      1333.00     0.430873
      1334.00     0.436879
      1335.00     0.442947
      1336.00     0.449077
      1337.00     0.455269
      1338.00     0.461522
      1339.00     0.467837
      1340.00     0.474214
      1341.00     0.480652
      1342.00     0.487153
      1343.00     0.493714
      1344.00     0.500338
      1345.00     0.507023
      1346.00     0.513770
      1347.00     0.520578
      1348.00     0.527448
      1349.00     0.534380
      1350.00     0.541373
