# This is measured %R from the FIRE collimator
      800.010     0.950828
      810.010     0.954150
      819.990     0.957347
      829.970     0.960261
      840.010     0.962741
      849.970     0.964590
      859.990     0.965692
      870.010     0.966100
      880.010     0.965994
      890.010     0.965553
      900.000     0.964957
      909.980     0.964380
      920.020     0.963924
      929.980     0.963620
      940.010     0.963487
      950.020     0.963549
      960.020     0.963827
      970.020     0.964311
      980.000     0.964916
      989.980     0.965554
      1000.01     0.966135
      1009.97     0.966561
      1019.98     0.966767
      1029.98     0.966770
      1039.98     0.966622
      1050.03     0.966368
      1060.01     0.966062
      1069.97     0.965750
      1079.99     0.965471
      1090.00     0.965258
      1099.99     0.965146
      1109.98     0.965167
      1120.03     0.965357
      1129.99     0.965706
      1140.01     0.966172
      1150.02     0.966700
      1160.02     0.967240
      1170.00     0.967740
      1179.97     0.968176
      1190.00     0.968592
      1200.02     0.969037
      1210.02     0.969564
      1220.01     0.970224
      1229.99     0.971052
      1240.02     0.972002
      1249.97     0.972981
      1259.98     0.973919
      1269.97     0.974729
      1280.02     0.975338
      1289.98     0.975744
      1300.00     0.976017
      1310.01     0.976218
      1320.00     0.976411
      1329.97     0.976658
      1340.00     0.976992
      1350.02     0.977389
      1360.02     0.977825
      1370.00     0.978276
      1379.97     0.978718
      1389.99     0.979144
      1399.99     0.979581
      1409.98     0.980069
      1420.02     0.980648
      1429.97     0.981349
      1439.98     0.982208
      1449.97     0.983171
      1460.01     0.984168
      1469.97     0.985107
      1479.97     0.985923
      1490.03     0.986541
      1500.00     0.986955
      1510.02     0.987237
      1520.03     0.987452
      1530.01     0.987665
      1539.97     0.987943
      1549.99     0.988321
      1559.98     0.988776
      1570.03     0.989286
      1579.98     0.989819
      1589.98     0.990356
      1599.97     0.990843
      1610.00     0.991138
      1620.01     0.991076
      1630.00     0.990496
      1639.97     0.989239
      1649.98     0.987298
      1659.97     0.985972
      1670.01     0.987153
      1680.03     0.992751
      1690.00	  0.992
      1700.00	  0.992
      2000.00	  0.992
      2500.00	  0.992
#
#     1690.02      1.00462
#     1699.99      1.02456
#     1710.01      1.05365
#     1720.00      1.09168
#     1729.97      1.13859
#     1739.99      1.19472
#     1749.97      1.25953
#     1760.01      1.33019
#     1770.01      1.39609
#     1779.99      1.44678
#     1790.02      1.47188
#     1800.02      1.46046
